x y e
6.27 11.67 7.14
6.25 9.17 6.71
6.27 8.33 7.69
6.25 8.33 7.19
4.94 8.33 7.93
5.78 7.50 6.57
6.11 8.33 7.19
6.11 10.00 7.56
4.87 12.50 7.68
6.12 11.67 8.57
6.08 9.17 6.71
6.42 8.33 7.69
6.43 12.50 6.63
5.76 6.67 6.19
6.11 7.50 7.38
5.76 9.17 6.71
5.57 11.67 8.12
5.23 12.50 7.43
4.28 13.33 6.94
5.15 13.33 6.37
4.94 7.50 7.87
6.48 10.00 8.27
4.00 5.83 7.73
4.49 7.50 7.38
4.60 9.17 8.22
6.12 9.17 6.99
5.51 9.17 6.13
6.11 9.17 6.43
6.42 4.17 6.19
6.38 13.33 7.46
5.70 7.50 7.87
5.57 9.17 7.51
6.04 10.00 7.80
6.69 13.33 6.07
5.51 12.50 7.43
6.42 11.67 6.87
6.42 0.83 6.57
6.11 13.33 7.20
3.70 5.83 7.48
5.25 10.83 5.94
5.83 7.50 7.87
5.64 4.17 7.04
3.70 8.33 9.04
6.23 7.50 6.57
4.41 9.17 7.75
6.23 6.67 6.77
